year cost
     1988.00  19433239.31
     1988.00   6456504.37
     1988.00  83058646.72
     1988.00   5329265.95
     1988.00   7992760.95
     1988.00   2043465.10
     1988.00  97408421.14
     1988.00  51647483.09
     1988.00   5020063.83
     1988.00  26437317.55
     1988.00  47419119.75
     1988.00   3672384.78
     1988.00  31112040.65
     1988.00  17784811.62
     1988.00  40226512.75
     1988.00  11061047.37
     1988.00  14133560.53
     1988.00  12182108.26
     1988.00    672376.42
     1988.00  21079716.20
     1988.00   3537779.44
     1988.00  18542047.93
     1988.00    483798.90
     1988.00  19290180.50
     1988.00  49215158.13
     1988.00  77176328.41
     1988.00 119833540.46
     1988.00   5007058.48
     1988.00   5372508.72
     1988.00   9646390.78
     1988.00   2850772.00
     1988.00  21039399.63
     1988.00  27848674.03
     1988.00 167694191.73
     1988.00  32873663.63
     1988.00  12625590.58
     1988.00  28246962.77
     1988.00   8746095.66
     1988.00  37663484.05
     1988.00  77186082.42
     1988.00  89580828.09
     1988.00  32139463.04
     1988.00  16496957.16
     1988.00  28316541.38
     1988.00   7445560.99
     1988.00   2516534.59
     1988.00  34623159.13
     1988.00   8849813.30
     1988.00   7626660.44
     1988.00   3857385.83
     1988.00   5354626.37
     1988.00  30293727.98
     1988.00  15579429.95
     1988.00   6885355.68
     1988.00  14491207.56
     1988.00   5092568.64
     1988.00  10228054.91
     1988.00  27981978.83
     1988.00  19467378.35
     1988.00  10696897.66
     1988.00   5642694.80
     1988.00     79007.48
     1988.00    624695.57
     1988.00    420625.43
     1988.00    420625.43
     1988.00  40822157.63
     1988.00   1284603.12
     1988.00  27562280.04
     1988.00    779020.27
     1988.00   1788235.17
     1988.00   2547422.29
     1988.00  18883438.28
     1988.00    955567.85
     1988.00  13796071.78
     1988.00  17948678.98
     1988.00    595319.75
     1988.00  15280306.98
     1988.00   4436448.89
     1988.00  15850916.56
     1988.00   8778609.02
     1988.00   5410874.50
     1988.00  23579668.97
     1988.00   7406544.95
     1988.00   6897385.62
     1988.00  27516436.19
     1988.00   6148277.65
     1988.00  14959400.05
     1988.00   5999366.43
     1988.00  16516790.31
     1988.00   9702638.91
     1988.00  55602409.03
     1988.00  60273929.56
     1988.00   2343238.34
     1988.00  28622167.02
     1988.00   1820748.54
     1988.00   2798149.11
     1988.00  40477190.81
     1988.00   3533552.70
     1988.00  17238261.92
     1988.00  11107216.35
     1988.00    650267.34
     1988.00    937344.11
     1988.00  19291529.80
     1988.00  15075472.76
     1988.00  23359878.61
     1988.00  59688038.69
     1988.00   7517415.53
     1988.00  21789483.00
     1988.00   4537890.60
     1988.00  19396499.21
     1988.00  41266615.36
     1988.00   5670006.03
     1988.00   6707507.56
     1988.00    381706.93
     1988.00  18838569.83
     1988.00  22888434.80
     1988.00  10015742.63
     1988.00   5242455.26
     1988.00   3657753.76
     1988.00   4454331.25
     1988.00   3448692.81
     1988.00   8116311.74
     1988.00  31916746.48
     1988.00   3539242.54
     1988.00  21928965.34
     1988.00    118998.92
     1988.00   3243208.33
     1988.00   8104281.80
     1988.00   3153796.58
     1988.00    165362.98
     1988.00   1440667.28
     1988.00   9932508.41
     1988.00    628971.08
     1988.00   5753890.52
     1988.00   7047597.38
     1988.00  26075069.87
     1988.00  12251036.59
     1988.00   5332192.15
     1988.00   6703605.96
     1988.00   6703605.96
     1988.00   7062553.53
     1988.00  14342946.61
     1988.00  14342946.61
     1988.00   9155764.08
     1988.00  13922873.91
     1988.00   8039255.06
     1988.00  25298325.54
     1988.00  29480194.77
     1988.00  23184631.57
     1988.00  24922471.02
     1988.00   8128341.69
     1988.00   8216127.78
     1988.00  24819728.78
     1988.00  13046963.81
     1988.00  10700149.00
     1988.00  23143713.50
     1988.00  10284628.17
     1988.00  10284628.17
     1988.00  28300284.69
     1988.00   2669184.84
     1988.00  34211263.54
     1988.00  34211263.54
     1988.00  11010001.39
     1988.00  36016031.76
     1988.00   8941175.86
     1988.00   5333167.55
     1988.00  19329521.67
     1988.00  14545504.89
     1988.00  28142318.50
     1988.00  21485157.89
     1988.00   7756713.91
     1988.00   1318417.02
     1988.00   3634019.00
     1988.00  26174560.77
     1988.00  12680213.04
     1988.00  16939789.21
     1988.00  10566844.20
     1988.00  13434523.14
     1988.00  40065571.59
     1988.00   2568555.97
     1988.00   1623717.54
     1988.00   8687246.46
     1988.00   6730266.92
     1988.00  15359964.72
     1988.00  21297555.76
     1988.00  18310552.76
     1988.00   2950913.17
     1988.00  25204687.04
     1988.00  17232084.38
     1988.00  90731476.14
     1988.00   9709141.58
     1988.00  18137581.65
     1988.00    668149.69
     1988.00  12449693.27
     1988.00  12449693.27
     1988.00   3004885.36
     1988.00  15265025.69
     1988.00   6112512.95
     1988.00  11304897.62
     1988.00   5267165.41
     1988.00  97564160.16
     1988.00   5007058.48
     1988.00  17447973.14
     1988.00    258806.40
     1988.00  23725003.72
     1988.00   6317022.03
     1988.00  15987797.84
     1988.00  15385000.02
     1988.00   8127691.42
     1988.00  26666488.01
     1988.00   9991357.60
     1988.00  12680213.04
     1988.00  36413670.23
     1988.00 172512347.55
     1988.00  19156875.69
     1988.00   8807871.05
     1988.00  18085235.13
     1988.00  37011916.18
     1988.00  18085235.13
     1988.00  14347173.35
     1988.00   7628611.24
     1988.00   5967178.20
     1988.00  18905872.50
     1988.00 144797303.45
     1988.00  18917902.45
     1988.00   3100799.79
     1988.00  14100071.76
     1988.00  32193435.23
     1988.00  27152887.98
     1988.00  15713385.02
     1988.00  18473444.72
     1988.00  19967108.79
     1988.00  26373217.45
     1988.00  16476798.87
     1988.00  12449043.00
     1988.00  16515164.64
     1988.00   9441556.57
     1988.00  94779065.17
     1988.00  13301868.61
     1988.00   5462245.62
     1988.00  16716747.52
     1988.00  13515481.43
     1988.00  37538307.59
     1988.00  24244616.09
     1988.00  16711870.51
     1988.00  26465880.54
     1988.00  34951869.26
     1988.00  17536084.36
     1988.00  40499950.17
     1988.00  27655544.63
     1988.00   6235738.61
     1988.00  68196786.77
     1988.00  54638712.84
     1988.00    537494.72
     1988.00  10957004.60
     1988.00   9721496.66
     1988.00  44737092.12
     1988.00  15071246.03
     1988.00  11817633.42
     1988.00  22036665.87
     1988.00   9428876.36
     1988.00  15098882.39
     1988.00   4534232.84
     1988.00  27814209.86
     1988.00  31134474.87
     1988.00  22734695.34
     1988.00  24695852.85
     1988.00   8879400.46
     1988.00  23015236.93
     1988.00  83561953.64
     1988.00  83561953.64
     1988.00  15161633.19
     1988.00  18339814.79
     1988.00  33274829.81
     1988.00    554287.88
     1988.00   6800495.79
     1988.00  14927211.81
     1988.00   5360803.91
     1988.00  10322993.95
     1988.00  11217111.53
     1988.00  42136071.55
     1988.00  16282368.94
     1988.00  29467839.69
     1988.00  70435332.08
     1988.00  75760371.28
     1988.00   8453475.36
     1988.00  36482322.21
     1988.00  36482322.21
     1988.00  57094447.43
     1988.00  22759356.73
     1988.00  27652293.29
     1988.00  29078329.56
     1988.00  56212359.79
     1988.00  88943566.10
     1988.00  97540100.27
     1988.00  12112529.65
     1988.00  34318183.75
     1988.00   5494758.98
     1988.00  97738204.22
     1988.00  12112529.65
     1988.00  93000632.78
     1988.00  14631015.04
     1988.00   9777094.52
     1988.00  33168836.23
     1988.00  16537598.87
     1988.00  27768040.88
     1989.00   1571191.77
     1989.00  14359662.49
     1989.00   4327216.68
     1989.00   2034822.13
     1989.00   7519826.84
     1989.00   6850138.55
     1989.00   5948635.07
     1989.00   7519826.84
     1989.00   6850138.55
     1989.00  20966395.10
     1989.00  27689035.30
     1989.00   5331749.12
     1989.00   5898408.45
     1989.00   8680190.60
     1989.00   8474132.67
     1989.00   8886248.54
     1989.00  13651338.34
     1989.00   4842361.52
     1989.00   6439310.54
     1989.00  13239222.46
     1989.00  13084679.01
     1989.00  25461033.86
     1989.00  12093025.19
     1989.00   4327216.68
     1989.00  47285145.13
     1989.00   7083241.59
     1989.00   3976918.19
     1989.00  14089211.45
     1989.00   3528742.17
     1989.00    205027.65
     1989.00   8955793.09
     1989.00  11939512.02
     1989.00  10642892.45
     1989.00   6977636.90
     1989.00   8476708.39
     1989.00  14977321.16
     1989.00   4172673.23
     1989.00   4352973.92
     1989.00   6928698.14
     1989.00   2498452.49
     1989.00   1787295.03
     1989.00  20334054.81
     1989.00  83755854.57
     1989.00   7522917.71
     1989.00  24057264.16
     1989.00  13792488.02
     1989.00  15911278.76
     1989.00  42202468.53
     1989.00   5092206.77
     1989.00   1174787.81
     1989.00  18348686.59
     1989.00   3526024.78
     1989.00  22155349.40
     1989.00   1772098.26
     1989.00   5151448.43
     1989.00  15056395.89
     1989.00  32642925.69
     1989.00  24434607.76
     1989.00   4512668.82
     1989.00   3622498.54
     1989.00   1443435.85
     1989.00   7090196.04
     1989.00  18081583.98
     1989.00  21095181.32
     1989.00   3837829.08
     1989.00   3837829.08
     1989.00   1854521.43
     1989.00  10586226.52
     1989.00   4430245.65
     1989.00   2421180.76
     1989.00   6954455.38
     1989.00    515144.84
     1989.00  14907003.89
     1989.00   5331749.12
     1989.00   2645268.77
     1989.00  14063454.21
     1989.00  33832137.56
     1989.00  17205837.75
     1989.00  46234249.65
     1989.00   4868118.77
     1989.00  16407363.25
     1989.00  11616516.21
     1989.00   8497314.18
     1989.00  12172872.64
     1989.00   5188796.43
     1989.00   1030289.69
     1989.00   9530179.59
     1989.00   9040791.99
     1989.00  24482258.66
     1989.00    916957.82
     1989.00   6954455.38
     1989.00   3101171.95
     1989.00    491963.32
     1989.00  14237315.59
     1989.00  37184700.19
     1989.00   2612814.64
     1989.00  19158751.85
     1989.00   6877183.65
     1989.00  28934913.11
     1989.00   8654433.36
     1989.00  15283059.63
     1989.00  12866772.74
     1989.00  15001275.40
     1989.00  17661740.94
     1989.00  30518725.93
     1989.00  19610533.88
     1989.00   1721614.06
     1989.00   3174837.67
     1989.00   2804706.10
     1989.00  12732577.51
     1989.00  32582911.31
     1989.00   8136712.79
     1989.00   1784976.88
     1989.00   2549966.97
     1989.00  12749834.86
     1989.00  33149570.64
     1989.00   4636303.59
     1989.00   1030289.69
     1989.00   4275702.20
     1989.00   4404488.41
     1989.00   4893876.01
     1989.00   7913268.72
     1989.00   3837829.08
     1989.00   3837829.08
     1989.00   5048419.46
     1989.00   8963520.27
     1989.00  24160293.13
     1989.00   9787752.01
     1989.00   5462080.77
     1989.00   2575724.21
     1989.00   9844417.95
     1989.00   9895417.29
     1989.00   6148253.70
     1989.00   1506798.67
     1989.00   1506798.67
     1989.00   1506798.67
     1989.00   1506798.67
     1989.00   1674220.74
     1989.00   4641455.03
     1989.00   5962801.56
     1989.00   4842361.52
     1989.00  11565001.72
     1989.00  20142163.36
     1989.00  10277139.62
     1989.00   6362038.81
     1989.00   1030289.69
     1989.00   1030289.69
     1989.00  29620828.46
     1989.00   8886248.54
     1989.00   5924165.69
     1989.00  22466754.46
     1989.00 126649647.48
     1989.00   8886248.54
     1989.00   2163608.34
     1989.00   6199768.18
     1989.00   5608639.48
     1989.00  10946827.91
     1989.00  20605793.71
     1989.00   3065111.82
     1989.00   2730267.67
     1989.00  11693787.93
     1989.00  24675437.97
     1989.00  11693787.93
     1989.00   6233252.60
     1989.00   7598386.43
     1989.00   2266637.31
     1989.00   6902940.89
     1989.00   4095401.50
     1989.00    772717.26
     1989.00  13007407.28
     1989.00   3193898.03
     1989.00  14398298.36
     1989.00  14398298.36
     1989.00  29517799.50
     1989.00  14284966.49
     1989.00  38562455.07
     1989.00  37588831.32
     1989.00  18182037.23
     1989.00  10657574.08
     1989.00  25265278.82
     1989.00  17332305.81
     1989.00  13122542.15
     1989.00   2572633.35
     1989.00   2369666.28
     1989.00   7687506.49
     1989.00   8474132.67
     1989.00   4301459.44
     1989.00   4172673.23
     1989.00  10818041.70
     1989.00   5512049.82
     1989.00   3425713.21
     1989.00  17386138.45
     1989.00   3554499.42
     1989.00  13084679.01
     1989.00   8474132.67
     1989.00  23645148.29
     1989.00   9169578.20
     1989.00    710899.88
     1989.00   3143928.98
     1989.00  16767964.64
     1989.00   3343805.18
     1989.00   1416648.32
     1989.00   5679471.89
     1989.00  19317931.61
     1989.00  18364913.65
     1989.00     64908.25
     1989.00    173088.67
     1989.00   9581694.08
     1989.00  23278622.73
     1989.00  20477007.50
     1989.00   1493920.04
     1989.00   6459916.33
     1989.00   6052951.90
     1989.00  80313656.73
     1989.00   1030289.69
     1989.00   4378731.16
     1989.00  11848331.39
     1989.00   2163608.34
     1989.00   5795379.48
     1989.00  12028632.08
     1989.00  23233032.41
     1989.00  25731484.90
     1989.00  12543776.92
     1989.00   5022662.22
     1989.00   5512049.82
     1989.00   9092306.48
     1989.00  10174110.65
     1989.00   3351017.20
     1989.00   6104466.39
     1989.00   4327216.68
     1989.00  11848331.39
     1989.00   6516582.26
     1989.00  29234469.83
     1989.00  25615577.31
     1989.00  10586226.52
     1989.00  24198928.99
     1989.00   4430245.65
     1989.00  18622486.07
     1989.00  16021004.61
     1989.00  12955892.80
     1989.00  30895811.95
     1989.00  12054389.32
     1989.00  12054389.32
     1989.00   4739332.55
     1989.00    439676.12
     1989.00    125180.20
     1989.00   9054958.48
     1989.00   3837829.08
     1989.00   3837829.08
     1989.00   6181738.11
     1989.00   2305273.17
     1989.00   4033584.12
     1989.00   1030289.69
     1989.00  28822353.96
     1989.00  13496794.88
     1989.00   2498452.49
     1989.00   3193898.03
     1989.00   9092306.48
     1989.00   8242317.49
     1989.00  23284546.90
     1989.00   8680190.60
     1989.00   5795379.48
     1989.00   5795379.48
     1989.00  15660403.22
     1989.00   8912005.78
     1989.00    901503.48
     1989.00  13677095.58
     1989.00    772717.26
     1989.00  17128566.03
     1989.00  10818041.70
     1989.00  12002874.84
     1989.00  11461972.75
     1989.00   2962082.85
     1989.00  13084679.01
     1989.00  14398298.36
     1989.00   3915100.81
     1989.00   1699977.98
     1989.00   9555936.84
     1989.00  16304334.28
     1989.00   9719237.75
     1989.00   9419165.88
     1989.00  12736441.10
     1989.00  10359047.65
     1989.00   6278327.77
     1989.00   3837829.08
     1990.00  45046472.43
     1990.00  10196264.17
     1990.00   3301137.82
     1990.00   6829940.31
     1990.00  16928911.89
     1990.00  22377297.32
     1990.00   4047372.04
     1990.00  14224177.69
     1990.00   4125206.11
     1990.00   8289329.27
     1990.00   8289329.27
     1990.00  13601505.07
     1990.00  22367568.06
     1990.00  32223308.14
     1990.00  35239378.65
     1990.00  35239378.65
     1990.00  39714838.12
     1990.00  33001648.92
     1990.00    875633.37
     1990.00   4961922.45
     1990.00   8289329.27
     1990.00  30433124.36
     1990.00   5915389.90
     1990.00  13076125.04
     1990.00   4475459.46
     1990.00   7880700.36
     1990.00   6771564.75
     1990.00   2393397.89
     1990.00  40843432.24
     1990.00  22669175.11
     1990.00  10361661.59
     1990.00   7567418.20
     1990.00    466031.54
     1990.00   3716577.21
     1990.00   9048211.53
     1990.00  16111654.07
     1990.00   1653974.15
     1990.00  29790993.22
     1990.00    505921.50
     1990.00   1790183.79
     1990.00   7063442.55
     1990.00   1439930.44
     1990.00  30725002.15
     1990.00   9752609.93
     1990.00   8853626.33
     1990.00  21512171.55
     1990.00   6343477.33
     1990.00  18096423.05
     1990.00  19088807.54
     1990.00  44618385.01
     1990.00   2743651.24
     1990.00   5818097.30
     1990.00   5448385.43
     1990.00   5448385.43
     1990.00  18135340.09
     1990.00  18621803.08
     1990.00   6324018.81
     1990.00   8406080.39
     1990.00    650498.30
     1990.00   6401852.89
     1990.00  11908613.88
     1990.00  13873924.34
     1990.00  24576110.02
     1990.00   3405240.90
     1990.00   3405240.90
     1990.00  12963265.63
     1990.00   2977153.47
     1990.00  17181872.64
     1990.00  10507600.48
     1990.00  19049890.50
     1990.00  12647064.69
     1990.00  16461907.42
     1990.00   3638743.13
     1990.00   4358708.35
     1990.00   7744490.73
     1990.00   5565136.55
     1990.00  22770359.41
     1990.00   5138994.98
     1990.00  11461067.93
     1990.00  17246085.75
     1990.00  62724537.32
     1990.00   3397652.07
     1990.00  14214448.43
     1990.00   7783407.76
     1990.00    116751.12
     1990.00   3658201.65
     1990.00  11461067.93
     1990.00   8912001.89
     1990.00    875633.37
     1990.00    875633.37
     1990.00    875633.37
     1990.00  11324858.30
     1990.00  21036605.33
     1990.00   9515215.99
     1990.00    900929.45
     1990.00   4582481.32
     1990.00   4203040.19
     1990.00   9052103.23
     1990.00  21326537.27
     1990.00  24615027.05
     1990.00  24615027.05
     1990.00   5000839.49
     1990.00   5740263.23
     1990.00   7911833.99
     1990.00  10799478.27
     1990.00  10799478.27
     1990.00   2558795.30
     1990.00  15761400.72
     1990.00  17561313.77
     1990.00  25490660.43
     1990.00  15216562.18
     1990.00  14379845.84
     1990.00   2821485.31
     1990.00   9476298.95
     1990.00   8814709.29
     1990.00  10974604.95
     1990.00    630456.03
     1990.00   9928709.53
     1990.00    505921.50
     1990.00    505921.50
     1990.00    505921.50
     1990.00    505921.50
     1990.00   8931460.41
     1990.00   7647198.13
     1990.00    875633.37
     1990.00    875633.37
     1990.00   3405240.90
     1990.00   4428759.02
     1990.00   8814709.29
     1990.00   7331970.11
     1990.00  17415374.87
     1990.00  18436947.14
     1990.00    972925.97
     1990.00  10449224.92
     1990.00  16656492.62
     1990.00  83252302.37
     1990.00  10530950.70
     1990.00   1969202.16
     1990.00  23447515.89
     1990.00  10546517.52
     1990.00   6032141.02
     1990.00   9928709.53
     1990.00  15907339.62
     1990.00   2549066.04
     1990.00   9598887.63
     1990.00   4961922.45
     1990.00    972925.97
     1990.00  28409438.34
     1990.00   5448385.43
     1990.00   1862180.31
     1990.00   3054987.55
     1990.00   5895931.38
     1990.00   2840943.83
     1990.00   4961922.45
     1990.00   3307948.30
     1990.00    972925.97
     1990.00    895091.89
     1990.00   3619284.61
     1990.00   1595598.59
     1990.00  15537627.75
     1990.00  16456069.87
     1990.00    843526.82
     1990.00  10196264.17
     1990.00  71938146.26
     1990.00   1297883.24
     1990.00   3560909.05
     1990.00   3560909.05
     1990.00   5137049.12
     1990.00   7024525.51
     1990.00   8055827.04
     1990.00   1633542.70
     1990.00  10721644.20
     1990.00  10079513.05
     1990.00   4514376.50
     1990.00  12181033.15
     1990.00   9631967.11
     1990.00   4327574.72
     1990.00  10604893.08
     1990.00   2820512.39
     1990.00   3292381.48
     1990.00   9631967.11
     1990.00   9647533.92
     1990.00   3444157.94
     1990.00   5896904.31
     1990.00   4961922.45
     1990.00  28808337.99
     1990.00   1751266.75
     1990.00  23214013.66
     1990.00   4125206.11
     1990.00   7647198.13
     1990.00  46058315.44
     1990.00  46058315.44
     1990.00   1420471.92
     1990.00   3292381.48
     1990.00   9184421.16
     1990.00   4203040.19
     1990.00    875633.37
     1990.00  21326537.27
     1990.00  20801157.25
     1990.00  12109036.63
     1990.00  23700476.64
     1990.00  16146679.41
     1990.00  12599391.32
     1990.00   1506089.40
     1990.00  22357838.80
     1990.00  23204284.40
     1990.00   4241957.23
     1990.00    389170.39
     1990.00    583755.58
     1990.00   7619956.20
     1990.00   3619284.61
     1990.00   8362298.72
     1990.00   8464455.94
     1990.00   9654344.41
     1990.00  10935687.91
     1990.00   2335022.33
     1990.00   2335022.33
     1990.00   5561244.85
     1990.00   3969537.96
     1990.00  15372230.33
     1990.00  16773243.73
     1990.00  10091188.17
     1990.00  16286780.75
     1990.00  10799478.27
     1990.00  10598082.60
     1990.00   4827658.67
     1990.00  15313854.78
     1990.00  16247863.71
     1990.00  56770230.38
     1990.00   2763109.76
     1990.00   5915389.90
     1990.00   7647198.13
     1990.00  12161574.63
     1990.00   7394237.38
     1990.00   1257020.35
     1990.00   1362096.36
     1990.00   1362096.36
     1990.00   5743182.00
     1990.00   5743182.00
     1990.00   2549066.04
     1990.00   3823599.06
     1990.00   5098132.09
     1990.00   7647198.13
     1990.00  74370461.19
     1990.00  84994812.78
     1990.00   6343477.33
     1990.00   8055827.04
     1990.00   2685275.68
     1990.00   5720804.71
     1990.00  17440670.95
     1990.00  51759661.63
     1990.00   6010347.48
     1990.00  11519443.49
     1990.00  26191167.13
     1990.00  14739828.45
     1990.00  14739828.45
     1990.00  15226291.44
     1990.00   7863187.69
     1990.00  12949644.67
     1990.00   6713189.20
     1990.00   5000839.49
     1990.00  15751671.46
     1990.00  15751671.46
     1990.00    681048.18
     1990.00   8688228.92
     1990.00   4961922.45
     1990.00   6304560.29
     1990.00  39424906.18
     1990.00   6421311.41
     1990.00  88516804.80
     1990.00   6518604.00
     1990.00  11217836.44
     1990.00  14619185.63
     1990.00  11324858.30
     1990.00   3401349.19
     1990.00  21365454.31
     1990.00  64857191.05
     1990.00   1790183.79
     1990.00   6071058.06
     1990.00    249555.51
     1990.00    249555.51
     1990.00   4171906.56
     1990.00  27708931.64
     1990.00    389170.39
     1990.00   3181467.92
     1990.00   5749992.49
     1990.00  10507600.48
     1990.00  11616736.09
     1990.00    875633.37
     1990.00    875633.37
     1990.00  18561481.67
     1990.00  26191167.13
     1990.00  11519443.49
     1990.00   8639582.62
     1990.00  18824171.68
     1990.00   3736035.73
     1990.00  21793541.74
     1990.00   6499145.48
     1990.00   3123092.37
     1990.00   2529607.52
     1990.00    972925.97
     1990.00  18485593.44
     1990.00  44501633.89
     1990.00  44501633.89
     1990.00  51292657.17
     1990.00  14749557.71
     1990.00  10124267.65
     1990.00   6104137.54
     1990.00   3521992.01
     1990.00   4417083.91
     1990.00   8464455.94
     1990.00  10943471.32
     1990.00  18125610.83
     1990.00  40006715.91
     1990.00   6460228.44
     1990.00   2996611.99
     1990.00  33176775.59
     1990.00    819203.67
     1990.00  12161574.63
     1990.00    906767.00
     1990.00    583755.58
     1990.00   3038447.81
     1990.00   6829940.31
     1990.00   9534674.51
     1990.00  23661559.60
     1990.00  12511827.98
     1990.00  35570173.48
     1990.00  35570173.48
     1990.00  13095583.56
     1990.00  22046502.49
     1990.00  21851917.30
     1990.00    642131.14
     1990.00   2587983.08
     1990.00   8542290.02
     1990.00  43517032.81
     1990.00  43517032.81
     1990.00  13426378.39
     1990.00  20217401.67
     1990.00   3269031.26
     1990.00   9846010.82
     1990.00  14049051.01
     1990.00  23904791.10
     1990.00  79196174.00
     1990.00   8806925.89
     1991.00 105434528.27
     1991.00   9229064.36
     1991.00   9322045.46
     1991.00 105434528.27
     1991.00  10185112.58
     1991.00   6751102.78
     1991.00    257155.64
     1991.00   5178402.70
     1991.00  24831016.31
     1991.00  14981310.80
     1991.00   6428891.05
     1991.00  13824417.28
     1991.00   4480277.30
     1991.00  16264020.32
     1991.00  16546339.17
     1991.00   5216761.24
     1991.00   4903755.56
     1991.00  37934293.06
     1991.00   2148078.16
     1991.00   2378229.39
     1991.00   5063327.08
     1991.00   3774480.19
     1991.00  41032742.37
     1991.00  49069776.79
     1991.00 138995846.67
     1991.00   7748424.78
     1991.00   1672432.28
     1991.00  14834781.18
     1991.00   2391578.16
     1991.00   1749149.36
     1991.00   1591112.18
     1991.00   5155387.57
     1991.00   2602665.20
     1991.00  22953749.44
     1991.00   3858715.54
     1991.00  24557136.35
     1991.00   4296156.31
     1991.00  29666493.68
     1991.00  12978995.09
     1991.00   2816897.63
     1991.00    905261.51
     1991.00   4633711.45
     1991.00  51299788.78
     1991.00 138995693.24
     1991.00  17077221.34
     1991.00   1196786.40
     1991.00  15542879.80
     1991.00   4679741.70
     1991.00    398928.80
     1991.00  13318084.57
     1991.00   9514912.19
     1991.00   8285444.32
     1991.00   9565392.03
     1991.00   8975898.01
     1991.00  10924511.76
     1991.00   5523629.54
     1991.00  48359376.66
     1991.00   5208322.36
     1991.00  14350696.42
     1991.00   1227473.23
     1991.00   1841209.85
     1991.00   4347556.75
     1991.00  46950851.12
     1991.00   1497517.34
     1991.00   7355633.34
     1991.00  12581600.63
     1991.00   1534341.54
     1991.00 105434528.27
     1991.00   7671707.70
     1991.00   4362900.17
     1991.00   7073314.50
     1991.00  24162810.57
     1991.00  10663673.70
     1991.00  46321771.09
     1991.00   2360124.16
     1991.00   5646376.87
     1991.00   9512917.55
     1991.00  25991745.69
     1991.00  12658317.71
     1991.00   2360124.16
     1991.00   4925236.34
     1991.00   4004631.42
     1991.00  19523728.93
     1991.00   4679741.70
     1991.00   1687775.69
     1991.00   2148078.16
     1991.00   9350277.34
     1991.00  26396811.85
     1991.00   5830497.85
     1991.00  11796017.76
     1991.00  27618147.72
     1991.00   1994644.00
     1991.00   1518998.12
     1991.00   3521313.83
     1991.00   3544328.96
     1991.00  14557065.36
     1991.00   4966356.70
     1991.00   9069032.54
     1991.00   1672432.28
     1991.00   7548960.38
     1991.00   7671707.70
     1991.00   8959633.99
     1991.00   3575015.79
     1991.00  10065280.50
     1991.00  42808128.97
     1991.00  18258664.33
     1991.00   3682419.70
     1991.00   1196786.40
     1991.00   6589996.91
     1991.00   8523267.25
     1991.00   3375551.39
     1991.00   6444234.47
     1991.00   2983527.12
     1991.00   9489595.56
     1991.00   5063327.08
     1991.00  15792977.47
     1991.00   1825866.43
     1991.00  13164650.41
     1991.00   1457624.46
     1991.00   5270463.19
     1991.00  21895053.78
     1991.00   5063327.08
     1991.00  18838645.43
     1991.00  14872372.55
     1991.00   6137366.16
     1991.00  15926465.19
     1991.00    398928.80
     1991.00    368241.97
     1991.00  11967864.01
     1991.00  10095967.33
     1991.00    521676.12
     1991.00   2853875.26
     1991.00   4986610.00
     1991.00  17951796.02
     1991.00    460302.46
     1991.00   1595715.20
     1991.00   3544328.96
     1991.00    997322.00
     1991.00   5208337.70
     1991.00    767170.77
     1991.00   7088657.91
     1991.00   3774480.19
     1991.00   2178764.99
     1991.00  34062382.19
     1991.00   6843163.27
     1991.00   5063327.08
     1991.00   6091335.91
     1991.00  16785696.45
     1991.00    521676.12
     1991.00   4649054.87
     1991.00   2991966.00
     1991.00   6643698.87
     1991.00   5830497.85
     1991.00   2869218.68
     1991.00   5983932.01
     1991.00  12010058.40
     1991.00  34875583.20
     1991.00  21779978.16
     1991.00   5209089.53
     1991.00  30686830.80
     1991.00 111331822.14
     1991.00  14539420.43
     1991.00  13502205.55
     1991.00   4449590.47
     1991.00  11057999.48
     1991.00  13072589.92
     1991.00  29842942.95
     1991.00   7291958.17
     1991.00   9221392.66
     1991.00  12781065.03
     1991.00    767170.77
     1991.00   2715784.53
     1991.00   1212129.82
     1991.00   7978576.01
     1991.00   6993528.74
     1991.00   7840485.27
     1991.00   9770686.93
     1991.00   7272778.90
     1991.00  22508790.39
     1991.00   7057971.08
     1991.00  11676339.12
     1991.00  16908443.77
     1991.00  18795683.86
     1991.00  29025292.35
     1991.00   4127378.74
     1991.00   2347542.56
     1991.00  39920498.19
     1991.00   2360124.16
     1991.00   9755496.95
     1991.00   9313453.15
     1991.00   4541650.96
     1991.00   1764492.77
     1991.00  18608494.20
     1991.00   6152709.58
     1991.00  13885790.94
     1991.00  19041178.51
     1991.00   1227473.23
     1991.00   3544328.96
     1991.00  21465438.14
     1991.00  14798724.15
     1991.00   5753780.78
     1991.00   2516320.13
     1991.00  14007003.92
     1991.00   4780658.41
     1991.00   7013782.05
     1991.00   8132010.16
     1991.00  33430233.47
     1991.00  10906559.97
     1991.00  10909168.35
     1991.00   5738437.36
     1991.00   4618368.04
     1991.00    997322.00
     1991.00   8975898.01
     1991.00   8469565.30
     1991.00  34975315.40
     1991.00  14315406.57
     1991.00   3068683.08
     1991.00   7364839.39
     1991.00   5983932.01
     1991.00  39509294.66
     1991.00  17522180.39
     1991.00    905261.51
     1991.00   8975898.01
     1991.00   4871534.39
     1991.00   1687775.69
     1991.00   9314527.19
     1991.00  44848803.21
     1991.00   1313396.36
     1991.00  16142807.34
     1991.00  11185349.83
     1991.00   5430034.71
     1991.00  15024272.36
     1991.00   4649054.87
     1991.00  11993947.82
     1991.00  14438153.89
     1991.00  18857057.53
     1991.00   2148078.16
     1991.00    199464.40
     1991.00  11354127.40
     1991.00  32187416.83
     1991.00   2454946.46
     1991.00   3463929.46
     1991.00  27618147.72
     1991.00  25911806.49
     1991.00  15481506.14
     1991.00  13149307.00
     1991.00   4541650.96
     1991.00   2148078.16
     1991.00   3375551.39
     1991.00   5209089.53
     1991.00   1204458.11
     1991.00   5063327.08
     1991.00    767170.77
     1991.00  21491521.95
     1991.00   4986610.00
     1991.00  31607435.72
     1991.00    997322.00
     1991.00  16038472.12
     1991.00   5063327.08
     1991.00   3095380.62
     1991.00   1948613.76
     1991.00  44495904.66
     1991.00   3697763.11
     1991.00   5370195.39
     1991.00   6597668.62
     1991.00  14959830.02
     1991.00    537019.54
     1991.00  19579272.09
     1991.00  13827485.96
     1991.00  12320762.57
     1991.00   6405875.93
     1991.00   4142722.16
     1991.00   4986610.00
     1991.00   6597668.62
     1991.00   3987370.08
     1991.00   5152318.89
     1991.00   9896502.93
     1991.00   4679741.70
     1991.00   7211405.24
     1991.00   2009987.42
     1991.00   8171903.04
     1991.00  25730907.63
     1991.00   2991966.00
     1991.00   8975898.01
     1991.00   3674747.99
     1991.00  14392123.65
     1991.00   4679741.70
     1991.00   9390170.22
     1991.00   2301512.31
     1991.00   3298834.31
     1991.00   5106288.65
     1991.00  21661066.69
     1991.00   2700441.11
     1991.00   6919880.35
     1991.00  18458128.73
     1991.00  16868550.89
     1991.00  14315406.57
     1991.00  32304026.78
     1991.00   3674747.99
     1991.00  19041178.51
     1991.00   7057971.08
     1991.00  27832955.54
     1991.00  17353402.82
     1991.00   9558947.79
     1991.00  20636893.71
     1991.00  21250630.33
     1991.00  18565532.63
     1991.00  24369179.51
     1991.00    920604.92
     1991.00  25853654.95
     1991.00  27277523.90
     1991.00  12730585.19
     1991.00   3028790.20
     1991.00   6666713.99
     1991.00   8469565.30
     1991.00  11791414.73
     1991.00   7990850.74
     1991.00   5032640.25
     1991.00   5155387.57
     1991.00  18043856.51
     1991.00   2846050.12
     1991.00  56472974.72
     1991.00  14384451.94
     1991.00   5860417.51
     1991.00   1764492.77
     1991.00   5155387.57
     1991.00   2577693.79
     1991.00   2531663.54
     1991.00    905261.51
     1991.00  11967864.01
     1991.00  35954225.31
     1991.00  22324669.41
     1991.00  15773031.03
     1991.00   2586899.84
     1991.00  12044581.09
     1991.00   7024215.57
     1991.00  14721853.64
     1991.00   5845074.10
     1991.00   6015386.01
     1991.00   4986610.00
     1991.00   4756458.77
     1991.00    398928.80
     1991.00  28001733.11
     1991.00   4641383.16
     1991.00   7272011.73
     1991.00    199464.40
     1991.00   5585003.21
     1991.00   4744951.21
     1991.00  24488090.98
     1991.00   1779836.19
     1991.00  11952520.60
     1991.00   6305069.69
     1991.00   6965143.42
     1992.00   7969650.00
     1992.00   6804855.00
     1992.00   1470461.73
     1992.00   1164795.00
     1992.00  13536144.00
     1992.00  13720059.00
     1992.00  42723454.50
     1992.00  39664335.00
     1992.00  25147311.00
     1992.00  29892318.00
     1992.00   8827920.00
     1992.00  31982205.45
     1992.00   3666039.00
     1992.00  34213952.67
     1992.00   1961760.00
     1992.00  25179802.65
     1992.00   1226100.00
     1992.00   1859993.70
     1992.00  74250374.69
     1992.00  20770134.00
     1992.00   8150486.26
     1992.00  20304216.00
     1992.00  30927514.23
     1992.00  49246551.72
     1992.00   5259969.00
     1992.00  14715161.76
     1992.00   1961760.00
     1992.00    980880.00
     1992.00  42240248.49
     1992.00   9563580.00
     1992.00   8766615.00
     1992.00  32224605.42
     1992.00   9177358.50
     1992.00   6866160.00
     1992.00  54715325.55
     1992.00   5578755.00
     1992.00   6866160.00
     1992.00   1233456.60
     1992.00  19323336.00
     1992.00   1164795.00
     1992.00  13094380.17
     1992.00   1017663.00
     1992.00  21039876.00
     1992.00   5394840.00
     1992.00   9600363.00
     1992.00   6375720.00
     1992.00   5967551.31
     1992.00   1961760.00
     1992.00   1557147.00
     1992.00    429135.00
     1992.00  12247145.07
     1992.00  14866585.11
     1992.00   2513505.00
     1992.00   1885373.97
     1992.00   8599865.40
     1992.00    258461.88
     1992.00   3431731.29
     1992.00   1210160.70
     1992.00   4305695.37
     1992.00   4904400.00
     1992.00   2219241.00
     1992.00   1042185.00
     1992.00    147132.00
     1992.00   1765584.00
     1992.00  10372806.00
     1992.00    170182.68
     1992.00  12306856.14
     1992.00   2239962.09
     1992.00   8656266.00
     1992.00  29058570.00
     1992.00   4512048.00
     1992.00   4095174.00
     1992.00   1250622.00
     1992.00  28699567.92
     1992.00   2452200.00
     1992.00  39653667.93
     1992.00   8644005.00
     1992.00    211134.42
     1992.00    839878.50
     1992.00  24099118.11
     1992.00   5517450.00
     1992.00    245220.00
     1992.00    876661.50
     1992.00   3343084.26
     1992.00   7540515.00
     1992.00  16447028.01
     1992.00    136281.01
     1992.00   4912982.70
     1992.00   2820030.00
     1992.00  10795197.45
     1992.00    908540.10
     1992.00   7577298.00
     1992.00  12567525.00
     1992.00    919575.00
     1992.00    247549.59
     1992.00   1042185.00
     1992.00  15446407.80
     1992.00   3506646.00
     1992.00   7135902.00
     1992.00   3420819.00
     1992.00  17288010.00
     1992.00   4630979.70
     1992.00  33227555.22
     1992.00   4413960.00
     1992.00  11534413.14
     1992.00  15302095.83
     1992.00  23434694.52
     1992.00    980880.00
     1992.00  13235749.50
     1992.00  23305095.75
     1992.00  12039075.90
     1992.00   7166064.06
     1992.00   9932636.10
     1992.00   4168740.00
     1992.00   1042185.00
     1992.00   5609407.50
     1992.00   2851785.99
     1992.00   1177056.00
     1992.00   8229583.20
     1992.00   1459059.00
     1992.00    613050.00
     1992.00   2010804.00
     1992.00   6691318.14
     1992.00  10426877.01
     1992.00   2942640.00
     1992.00  35925343.05
     1992.00  22518920.43
     1992.00   3396297.00
     1992.00   3678300.00
     1992.00    558856.38
     1992.00   1030904.88
     1992.00    429135.00
     1992.00    490440.00
     1992.00   8644005.00
     1992.00    735660.00
     1992.00   2452200.00
     1992.00    429135.00
     1992.00   2204527.80
     1992.00   2452200.00
     1992.00   2047587.00
     1992.00   4469134.50
     1992.00  17288010.00
     1992.00   1164795.00
     1992.00   2703550.50
     1992.00   7785735.00
     1992.00   3310470.00
     1992.00    858270.00
     1992.00   2954901.00
     1992.00  42992583.45
     1992.00  31081144.56
     1992.00  22511196.00
     1992.00    796965.00
     1992.00  21665187.00
     1992.00   1459059.00
     1992.00   9710712.00
     1992.00  17028935.07
     1992.00   3095534.67
     1992.00   4904400.00
     1992.00  13008798.39
     1992.00  10464763.50
     1992.00   2617723.50
     1992.00   7632472.50
     1992.00   2357790.30
     1992.00   8644005.00
     1992.00   8046281.25
     1992.00  17288010.00
     1992.00   1048315.50
     1992.00    919575.00
     1992.00  12625764.75
     1992.00   1494309.38
     1992.00   2137092.30
     1992.00   3187860.00
     1992.00  10062234.87
     1992.00    735660.00
     1992.00  19467157.53
     1992.00  10544460.00
     1992.00  38808517.20
     1992.00   1164795.00
     1992.00  11081001.36
     1992.00  21395445.00
     1992.00   3923520.00
     1992.00   8644005.00
     1992.00   8078772.90
     1992.00  33645164.88
     1992.00   5266099.50
     1992.00   8852196.78
     1992.00  11969923.86
     1992.00    735660.00
     1992.00    796965.00
     1992.00  31778305.02
     1992.00  40461300.00
     1992.00    121996.95
     1992.00   5266099.50
     1992.00   3420819.00
     1992.00    441396.00
     1992.00   1900455.00
     1992.00   1593930.00
     1992.00   1593930.00
     1992.00    539484.00
     1992.00    919575.00
     1992.00    919575.00
     1992.00   1655235.00
     1992.00    490440.00
     1992.00   1360971.00
     1992.00   1164795.00
     1992.00  13278663.00
     1992.00   2856813.00
     1992.00   7088084.10
     1992.00  22874121.60
     1992.00    367830.00
     1992.00    735660.00
     1992.00  13448845.68
     1992.00   1252215.93
     1992.00   6761941.50
     1992.00  15244714.35
     1992.00    919575.00
     1992.00  15816690.00
     1992.00   2820030.00
     1992.00  15469703.70
     1992.00   5774931.00
     1992.00   3506646.00
     1992.00  29426400.00
     1992.00   2452200.00
     1992.00  13180575.00
     1992.00    735660.00
     1992.00  16166128.50
     1992.00   7785735.00
     1992.00  18914431.65
     1992.00    637572.00
     1992.00  22265976.00
     1992.00   7172685.00
     1992.00   6223683.60
     1992.00  20375329.80
     1992.00   1048315.50
     1992.00   5885280.00
     1992.00  17063633.70
     1992.00  17932448.16
     1992.00   1226100.00
     1992.00   2476722.00
     1992.00   3751866.00
     1992.00   2007861.36
     1992.00   5640060.00
     1992.00    588528.00
     1992.00  32185125.00
     1992.00    245220.00
     1992.00   8644005.00
     1992.00   3923520.00
     1992.00  19761421.53
     1992.00 100360453.74
     1992.00   1459059.00
     1992.00   4257632.25
     1992.00   1392849.60
     1992.00   4156479.00
     1992.00  13266402.00
     1992.00    674355.00
     1992.00  27513070.95
     1992.00  18832896.00
     1992.00  18391500.00
     1992.00  25436302.77
     1992.00  26275323.00
     1992.00  46447488.03
     1992.00  35034740.79
     1992.00 101953035.03
     1992.00  11531715.72
     1992.00   4453195.20
     1992.00  21096276.60
     1992.00  46501313.82
     1992.00   1226100.00
     1992.00   7233990.00
     1992.00   1256752.50
     1992.00  17108999.40
     1992.00  77844475.95
     1992.00  18501849.00
     1992.00  13694310.90
     1992.00  29046309.00
     1992.00  25982898.15
     1992.00   6804855.00
     1992.00   5309013.00
     1992.00    735660.00
     1992.00   1402413.18
     1992.00   1204643.25
     1992.00   2484078.60
     1992.00  18526371.00
     1992.00  17717145.00
     1992.00   1348710.00
     1992.00  22970762.80
     1992.00  20613315.81
     1992.00   1839150.00
     1992.00    429135.00
     1992.00    919575.00
     1992.00    886470.30
     1992.00   3420819.00
     1992.00   2452200.00
     1992.00   1238361.00
     1992.00   4258245.30
     1992.00  26289423.15
     1992.00  17748042.72
     1992.00    827617.50
     1992.00    919575.00
     1992.00   4499787.00
     1992.00    502701.00
     1992.00  33104700.00
     1992.00   2739230.01
     1992.00  21199882.05
     1992.00    735660.00
     1992.00   6697080.81
     1992.00  33239571.00
     1992.00   2513505.00
     1992.00  12331868.58
     1992.00  12261000.00
     1992.00   3678300.00
     1992.00   8202609.00
     1992.00   7862366.25
     1992.00    159393.00
     1992.00  24186293.82
     1992.00   1431471.75
     1992.00   3390166.50
     1992.00   8447829.00
     1992.00   8582700.00
     1992.00  16209042.00
     1992.00   2942640.00
     1992.00   9931410.00
     1992.00  11736597.03
     1992.00   3540976.80
     1992.00   2206980.00
     1992.00   5517450.00
     1992.00    651059.10
     1992.00  44930189.28
     1992.00   3267556.50
     1992.00   2679028.50
     1992.00   7479210.00
     1992.00  22368723.18
     1992.00  12837267.00
     1992.00  40387734.00
     1992.00  25991848.68
     1992.00   5259969.00
     1992.00   2133414.00
     1992.00  12443443.68
     1992.00   8450649.03
     1992.00   7282666.17
     1992.00   2452200.00
     1992.00    833748.00
     1992.00   4967544.15
     1992.00    919575.00
     1992.00    747921.00
     1992.00    919575.00
     1992.00   2709681.00
     1992.00   1164795.00
     1992.00   7889953.50
     1992.00   2268285.00
     1992.00   1907075.94
     1992.00   4161996.45
     1992.00  10752897.00
     1992.00    159393.00
     1992.00   3371775.00
     1992.00   2206980.00
     1992.00  18832896.00
     1992.00   1620536.37
     1992.00   7341273.75
     1992.00   1287405.00
     1992.00  15553078.50
     1992.00   4904400.00
     1992.00  27192323.19
     1992.00   3616995.00
     1992.00   7540515.00
     1992.00  36145428.00
     1992.00  20119890.26
     1992.00  16583002.50
     1992.00    116479.50
     1992.00  24372415.80
     1992.00   3420819.00
     1992.00   7479210.00
     1992.00  16049649.00
     1992.00  13732320.00
     1992.00   8582700.00
     1992.00  19389668.01
     1992.00   5027010.00
     1992.00  99603214.38
     1992.00   7319817.00
     1992.00   1082033.25
     1992.00   8099126.16
     1992.00  26027650.80
     1992.00   1314379.20
     1992.00  14406675.00
     1992.00   5649255.75
     1992.00   1576764.60
     1992.00    613050.00
     1992.00   1441525.77
     1992.00   7050075.00
     1992.00  25420118.25
     1992.00   2182458.00
     1992.00  19893595.11
     1992.00  60270294.21
     1992.00    367830.00
     1992.00  20098231.20
     1992.00   9808800.00
     1992.00    858270.00
     1992.00   2305068.00
     1992.00    514962.00
     1992.00   4199392.50
     1992.00    980880.00
     1992.00   1612321.50
     1992.00  25967571.90
     1992.00  44653090.68
     1992.00   6682245.00
     1992.00   1471320.00
     1992.00   6620940.00
     1992.00   3739605.00
     1992.00  61074861.03
     1992.00   5517450.00
     1992.00   1226100.00
     1992.00  11457904.50
     1992.00   1164795.00
     1992.00   6719028.00
     1992.00  11457781.89
     1992.00    171654.00
     1992.00  12952520.40
     1992.00   2010804.00
     1992.00  53306659.26
     1992.00    193723.80
     1992.00   3390166.50
     1992.00  23988646.50
     1992.00  43771770.00
     1992.00   5174142.00
     1992.00    919575.00
     1992.00    294264.00
     1992.00  23443032.00
     1992.00   4769529.00
     1992.00   1385493.00
     1992.00  14000835.90
     1992.00  10752897.00
     1992.00  11877843.75
     1992.00   1164795.00
     1992.00  22006288.02
     1992.00   7540515.00
     1992.00   4769529.00
     1992.00   3923520.00
     1992.00   7540515.00
     1992.00   6768072.00
     1992.00  11849888.67
     1992.00  41248456.20
     1992.00  26202124.83
     1992.00  25742950.38
     1992.00   3923520.00
     1992.00   6698552.13
     1992.00   2881335.00
     1992.00   1164795.00
     1992.00  12322305.00
     1992.00   7555228.20
     1992.00    551745.00
     1992.00    367830.00
     1992.00   9705317.16
     1992.00   8933364.60
     1992.00  13872585.84
     1992.00    980880.00
     1992.00   1219846.89
     1992.00   8355871.50
     1992.00    337177.50
     1992.00  18030290.94
     1992.00    980880.00
     1992.00   6765619.80
     1992.00   3972564.00
     1992.00  25711439.61
     1992.00    490440.00
     1992.00   5391161.70
     1992.00  11770560.00
     1992.00  11059422.00
     1992.00   3923520.00
     1992.00  43888249.50
     1992.00  53556048.00
     1992.00  73117247.40
     1992.00    551745.00
     1992.00   5695234.50
     1992.00    796965.00
     1992.00  21518055.00
     1992.00   5885280.00
     1992.00   2784227.88
     1992.00  12769831.50
     1992.00    613050.00
     1992.00  20511181.68
     1992.00   1593930.00
     1992.00   3923520.00
     1992.00  23455293.00
     1992.00  20684184.39
     1992.00   8298244.80
     1992.00   3494385.00
     1992.00   2084370.00
     1992.00  32488707.36
     1992.00  33392833.50
     1992.00  10085530.77
     1992.00   5383805.10
     1992.00  33270468.72
     1992.00   2023065.00
     1992.00   7466949.00
     1992.00  20367973.20
     1992.00   2881335.00
     1992.00  45350373.75
     1992.00   4512048.00
     1992.00   5566494.00
     1992.00    588528.00
     1992.00   9670005.48
     1992.00  11988070.14
     1992.00   3212382.00
     1992.00   5861248.44
     1992.00  14713200.00
     1992.00 119524396.74
     1992.00 102508213.11
     1992.00  58771509.57
     1992.00  13983670.50
     1992.00    429135.00
     1992.00   2942640.00
     1992.00   9686190.00
     1992.00  12984399.00
     1992.00  82189774.35
     1992.00  82189855.27
     1992.00  82189855.27
     1992.00   6947940.87
     1992.00   3065250.00
     1992.00   2145675.00
     1992.00    957584.10
     1992.00    858270.00
     1992.00  22014870.72
     1992.00   7031379.43
     1992.00  29794230.00
     1992.00  33411225.00
     1992.00  69831912.45
     1992.00  69831912.45
     1992.00  69831912.45
     1992.00  69831912.45
     1992.00  18999645.60
     1992.00   3273687.00
     1992.00   7708490.70
     1992.00   2697420.00
     1992.00  60616299.63
     1992.00   6127434.75
     1992.00  16506984.30
     1992.00   2145675.00
     1992.00  31592305.65
     1992.00   1177056.00
     1992.00  12224217.00
     1992.00   1103490.00
     1992.00  20613315.81
     1992.00    551745.00
     1992.00  20959321.23
     1992.00  14112656.22
     1992.00  26075468.70
     1993.00  19030700.00
     1993.00  19997800.00
     1993.00   4670500.00
     1993.00  23020100.00
     1993.00  23601200.00
     1993.00  25993300.00
     1993.00  48831800.00
     1993.00   6072900.00
     1993.00  79219600.00
     1993.00  21365200.00
     1993.00  13659700.00
     1993.00  19386900.00
     1993.00  23017500.00
     1993.00  20839800.00
     1993.00  11640100.00
     1993.00   9037600.00
     1993.00  57517000.00
     1993.00   4717500.00
     1993.00   1100000.00
     1993.00   4889800.00
     1993.00    734900.00
     1993.00    536200.00
     1993.00   9183400.00
     1993.00  22933100.00
     1993.00   8019800.00
     1993.00   1550000.00
     1993.00  52436000.00
     1993.00   4187000.00
     1993.00  16861000.00
     1993.00  50241700.00
     1993.00  79188800.00
     1993.00   3888000.00
     1993.00   8311900.00
     1993.00   6912500.00
     1993.00   8675100.00
     1993.00   2040000.00
     1993.00  20710000.00
     1993.00  61606100.00
     1993.00   9357900.00
     1993.00  15306100.00
     1993.00   1200000.00
     1993.00  12810700.00
     1993.00  31146600.00
     1993.00   5355700.00
     1993.00   3445600.00
     1993.00  16541400.00
     1993.00   3289800.00
     1993.00  24261000.00
     1993.00   2406400.00
     1993.00   8924400.00
     1993.00  68601600.00
     1993.00   2185000.00
     1993.00   3987800.00
     1993.00   1301300.00
     1993.00  30347000.00
     1993.00   6530000.00
     1993.00   7214900.00
     1993.00  39021900.00
     1993.00  10968500.00
     1993.00  21420000.00
     1993.00   5650000.00
     1993.00  21420000.00
     1993.00   8065700.00
     1993.00  61619800.00
     1993.00   6740000.00
     1993.00  22030800.00
     1993.00   4315900.00
     1993.00  29780000.00
     1993.00   8205000.00
     1993.00   3690000.00
     1993.00  25003700.00
     1993.00   3945000.00
     1993.00  32054900.00
     1993.00  20698700.00
     1993.00   3083700.00
     1993.00  66286300.00
     1993.00   5845000.00
     1993.00   6099200.00
     1993.00  25455200.00
     1993.00   2920000.00
     1993.00  23032600.00
     1993.00   3569000.00
     1993.00  27279600.00
     1993.00  87318500.00
     1993.00  69182700.00
     1993.00  80000000.00
     1993.00  18781300.00
     1993.00   1406000.00
     1993.00   5670000.00
     1993.00  52632000.00
     1993.00  27900300.00
     1993.00  99999900.00
     1993.00  99999900.00
     1993.00  99999900.00
     1993.00  69234528.00
     1993.00  99999900.00
     1993.00  99999900.00
     1993.00   3772100.00
     1993.00   3772100.00
     1993.00   7936000.00
     1993.00   8337900.00
     1993.00  54658400.00
     1993.00  54658400.00
     1993.00  16977700.00
     1993.00   2455100.00
     1993.00  31868000.00
     1993.00   2024000.00
     1993.00  21511400.00
     1993.00  27881100.00
     1993.00  10532000.00
     1993.00  53685900.00
     1993.00  53685900.00
     1993.00   9157300.00
     1993.00  17944500.00
     1993.00  17944500.00
     1993.00   8018200.00
     1993.00  59270000.00
     1993.00  59270000.00
     1993.00  56237200.00
     1993.00  39730900.00
     1993.00   5211200.00
     1993.00  38810700.00
     1993.00  25987400.00
     1993.00  81883500.00
     1993.00  81883500.00
     1993.00  35802200.00
     1993.00  12346100.00
     1993.00   5570000.00
     1993.00   5490000.00
     1993.00  11574300.00
     1993.00   6227000.00
     1993.00  12085700.00
     1993.00   7629000.00
     1993.00   1990000.00
     1993.00  30518600.00
     1993.00  22970800.00
     1993.00   7537500.00
     1993.00  43404100.00
     1993.00  18912100.00
     1993.00  33018700.00
     1993.00  12322000.00
     1993.00  33649500.00
     1993.00   1180000.00
     1993.00    888000.00
     1993.00  11308900.00
     1993.00   3030000.00
     1993.00  93437600.00
     1993.00  23035700.00
     1993.00  29801900.00
     1993.00  38127400.00
     1993.00   1200000.00
     1993.00    640000.00
     1993.00  13828900.00
     1993.00   1165000.00
     1993.00   9670900.00
     1993.00   2660000.00
     1993.00   1670000.00
     1993.00  15301000.00
     1993.00  28685000.00
     1993.00   5405000.00
     1993.00   4839600.00
     1993.00  15664000.00
     1993.00  13167200.00
     1993.00   1720000.00
     1993.00  14047300.00
     1993.00  74316300.00
     1993.00  24733400.00
     1993.00  21385600.00
     1993.00   7040000.00
     1993.00   3000000.00
     1993.00  42813200.00
     1993.00   3117000.00
     1993.00   3910000.00
     1993.00   4976700.00
     1993.00  21541500.00
     1993.00  18429800.00
     1993.00  21792500.00
     1993.00    622000.00
     1993.00  90695400.00
     1993.00   6913600.00
     1993.00   4089100.00
     1993.00  19487200.00
     1993.00  14014450.00
     1993.00   7045500.00
     1993.00   2330000.00
     1993.00  24381900.00
     1993.00   1635000.00
     1993.00   9200000.00
     1993.00    900000.00
     1993.00  31567800.00
     1993.00  20748100.00
     1993.00  15555400.00
     1993.00   9200000.00
     1993.00   4510000.00
     1993.00   6899300.00
     1993.00  11492500.00
     1993.00  16668500.00
     1993.00  74558000.00
     1993.00  24488500.00
     1993.00  27449200.00
     1993.00  11915500.00
     1993.00   8543200.00
     1993.00   6220000.00
     1993.00  15184800.00
     1993.00   2644300.00
     1993.00   8257200.00
     1993.00  16625700.00
     1993.00  18129500.00
     1993.00   3370000.00
     1993.00   5928000.00
     1993.00   9310000.00
     1993.00  68356200.00
     1993.00  14540600.00
     1993.00  19418400.00
     1993.00   7010000.00
     1993.00  15998200.00
     1993.00   1600000.00
     1993.00   5279000.00
     1993.00  15527200.00
     1993.00   5034000.00
     1993.00  12933900.00
     1993.00   2175000.00
     1993.00   2395000.00
     1993.00    945000.00
     1993.00   8788500.00
     1993.00   6526000.00
     1993.00   3910800.00
     1993.00   4054700.00
     1993.00   2600000.00
     1993.00   1300000.00
     1993.00   2515000.00
     1993.00   1307500.00
     1993.00  35452800.00
     1993.00  30375800.00
     1993.00   1600000.00
     1993.00  16114700.00
     1993.00  21011900.00
     1993.00  20328800.00
     1993.00  57038000.00
     1993.00  39773500.00
     1993.00   9579800.00
     1993.00  33780000.00
     1993.00    500000.00
     1993.00   5345000.00
     1993.00  19855500.00
     1993.00   9500000.00
     1993.00   4787700.00
     1993.00   4556000.00
     1993.00   5450000.00
     1993.00  30702117.00
     1993.00   8347000.00
     1993.00   1300000.00
     1993.00   1005000.00
     1993.00   1345000.00
     1993.00   1246300.00
     1993.00    842500.00
     1993.00  42523600.00
     1993.00  31394200.00
     1993.00   6084500.00
     1993.00   1720000.00
     1993.00    640000.00
     1993.00   1600000.00
     1993.00  88623400.00
     1993.00   4645000.00
     1993.00   3102000.00
     1993.00   3215000.00
     1993.00   1800000.00
     1993.00   1415000.00
     1993.00  27329300.00
     1993.00   4874900.00
     1993.00  82490500.00
     1993.00  82490600.00
     1993.00  19436300.00
     1993.00   8159300.00
     1993.00  52344600.00
     1993.00    560000.00
     1993.00   2240000.00
     1993.00   6000000.00
     1993.00  77208000.00
     1993.00   4033000.00
     1993.00   9500000.00
     1993.00  10341600.00
     1993.00  30893700.00
     1993.00   4303300.00
     1993.00  37287300.00
     1993.00   5240100.00
     1993.00   9500000.00
     1993.00   1960000.00
     1993.00   7410000.00
     1993.00  12449700.00
     1993.00   3820000.00
     1993.00  18726400.00
     1993.00  25026700.00
     1993.00  56104300.00
     1993.00  25223500.00
     1993.00  42074800.00
     1993.00  33447200.00
     1993.00  88723200.00
     1993.00  10804500.00
     1993.00  32306800.00
     1993.00  29621400.00
     1993.00  18683200.00
     1993.00   8583500.00
     1993.00  13183500.00
     1993.00  14577400.00
     1993.00   4802500.00
     1993.00  23189100.00
     1993.00   5146000.00
     1993.00  16093600.00
     1993.00  31294200.00
     1993.00   5197000.00
     1993.00   5835000.00
     1993.00  14119300.00
     1993.00   5289400.00
     1993.00  55178400.00
     1993.00   4385000.00
     1993.00   5120000.00
     1993.00   8510500.00
     1993.00  12762400.00
     1993.00  22049200.00
     1993.00  22049200.00
     1993.00    850000.00
     1993.00    850000.00
     1993.00  24727200.00
     1993.00  20621600.00
     1993.00  26747400.00
     1993.00  15250200.00
     1993.00  15250200.00
     1993.00  94787300.00
     1993.00   6434500.00
     1993.00  22437500.00
     1993.00  29186200.00
     1993.00  29785000.00
     1993.00    963200.00
     1993.00   9079600.00
     1993.00   4734000.00
     1993.00   3743100.00
     1993.00   5156900.00
     1993.00  10277000.00
     1993.00  12967900.00
     1993.00   4067000.00
     1993.00   9280000.00
     1993.00  32987400.00
     1993.00  30178900.00
     1993.00  46589200.00
     1993.00  88843450.00
     1993.00  10773500.00
     1993.00   3113500.00
     1993.00   3205000.00
     1993.00  25246700.00
     1993.00   4605100.00
     1993.00   9500000.00
     1993.00  31730200.00
     1993.00  48340300.00
     1993.00  22914500.00
     1993.00  30384600.00
     1993.00  43598800.00
     1993.00    662800.00
     1993.00  29597600.00
     1993.00   2187300.00
     1993.00  26246800.00
     1993.00   7587300.00
     1993.00  54985800.00
     1993.00   6361100.00
     1993.00     60000.00
     1993.00  11617000.00
     1993.00    520000.00
     1993.00  15151400.00
     1993.00  19937100.00
     1993.00  19753900.00
     1993.00    650000.00
     1993.00  17549400.00
     1993.00  16322800.00
     1993.00  27183600.00
     1993.00  11508400.00
     1993.00  24768200.00
     1993.00   1895400.00
     1993.00   1553300.00
     1993.00  25049700.00
     1993.00  17626400.00
     1993.00   2020000.00
     1993.00  36526900.00
     1993.00  22879600.00
     1993.00  30160000.00
     1993.00  17906200.00
     1993.00  30195300.00
     1993.00  14038000.00
     1993.00  18561300.00
     1993.00   3964800.00
     1993.00   2710000.00
     1993.00   2310000.00
     1993.00  17990300.00
     1993.00  15821400.00
     1993.00   3034800.00
     1993.00   2575000.00
     1993.00  17800100.00
     1993.00   4607000.00
     1993.00   1719900.00
     1993.00   1395000.00
     1993.00  19676000.00
     1993.00   7749500.00
     1993.00   6544500.00
     1993.00   6985600.00
     1993.00  79760200.00
     1993.00  79760300.00
     1993.00  10461300.00
     1993.00   1598000.00
     1993.00   7055100.00
     1993.00    300000.00
     1993.00   7533300.00
     1993.00  22839700.00
     1993.00    502400.00
     1993.00   7270000.00
     1993.00   3810000.00
     1993.00   2724000.00
     1993.00    104700.00
     1993.00  23313000.00
     1993.00   1780000.00
     1993.00   3000000.00
     1993.00   5058000.00
     1993.00   3667000.00
     1993.00  18349700.00
     1993.00  22159600.00
     1993.00  32468600.00
     1993.00  17568500.00
     1993.00   2231000.00
     1993.00  31890100.00
     1993.00   9901000.00
     1993.00   2835400.00
     1993.00   9574900.00
     1993.00   1040000.00
     1993.00    606000.00
     1993.00   1750000.00
     1993.00  14801000.00
     1993.00  11872000.00
     1993.00  13001300.00
     1993.00    400000.00
     1993.00   3759000.00
     1993.00   1333000.00
     1993.00   4565000.00
     1993.00  31472500.00
     1993.00   1688500.00
     1993.00    991000.00
     1993.00  18154500.00
     1993.00  22343900.00
     1993.00   5070000.00
     1993.00    460000.00
     1993.00    800000.00
     1993.00   4000000.00
     1993.00  17204000.00
     1993.00   1197000.00
     1993.00   9939600.00
     1993.00  33211300.00
     1993.00    650000.00
     1993.00   4430000.00
     1993.00  50000000.00
     1993.00  50000000.00
     1993.00  85804800.00
     1993.00    930000.00
     1993.00  10888000.00
     1993.00  34582400.00
     1993.00  13348700.00
     1993.00   3191800.00
     1993.00  30045000.00
     1993.00  21985800.00
     1993.00   5820000.00
     1993.00    986000.00
     1993.00   1322000.00
     1993.00   1233000.00
     1993.00  17279600.00
     1993.00  11411300.00
     1993.00   6590000.00
     1993.00  24610300.00
     1993.00   2300000.00
     1993.00   1370700.00
     1993.00  20939000.00
     1993.00   1120300.00
     1993.00    610000.00
     1993.00   1147000.00
     1993.00   9992700.00
     1993.00  17930200.00
     1993.00   3178000.00
     1993.00    600000.00
     1993.00   1307500.00
     1993.00   3675000.00
     1993.00  18287100.00
     1993.00  29640100.00
     1993.00  23974700.00
     1993.00    930000.00
     1993.00   4382600.00
     1993.00   5270000.00
     1993.00  17969500.00
     1993.00  54392300.00
     1993.00  50000000.00
